3330565
4062808
3824763
3824744
3825212
3342369
4129844
5670833
4129843
3330583
3819450
3824401
4959828
3823130
3819436
5660752
3819512
3819416
3485249
3823128
3777879
4438372
3307930
3824791
3780188
4768323
3820439
4768118
3823938
3820433
3330793
3820431
3820430
3820437
3820436
3820434
4217698
3782507
3782505
3823146
3824414
3819258
4129845
4450061
3342041
3342316
3779049
4936423
4171437
3824799
3679503
4768027
3820432
3819113
3781569
3819527
3819582
3823934
3824789
3309821
3782527
3777645
3820429
4768124
3819204
5419922
4764668
5067590
4768272
3819225
