9860746	
9860747	
9860748	
9860749	
9860750	
9860751	
9860752	
9860753	
9860754	
9860755	
9860756	
9860757	
9860758	
9860759	
9860760	
9860761	
9860762	
9860763	
9860764	
9860765	
9860766	
9860767	
9860768	
9860769	
9860770	
9860771	
9860772	
9860773	
9860774	
9860775	
9860776	
9860777	
9860778	
9860779	
9860780	
9860781	
9860782	
9860783	
9860784	
9860785	
9860787	
9860788	
9860789	
9860790	
9860791	
9860792	
9860793	
9860794	
9860795	
9860796	
9860797	
9860798	
9860799	
9860800	
9860801	
9860802	
9860803	
9860804	
9860805	
9860806	
9860807	
9860808	
9860809	
9860810	
9860811	
9860812	
9860813	
9860814	
9860815	
9860816	
